,AAPL,MSFT,GOOGL,AMZN,TSLA,NVDA,JPM,JNJ,V,UNH,HD,PG,BAC,MA,DIS,XOM,VZ,ADBE,NFLX,CMCSA,KO,PFE,T,INTC,CSCO,PEP,ABT,CRM,CVX,LLY,MRK,WMT,ACN,NKE,ORCL,MCD,DHR,AMGN,QCOM,COST,UPS,TXN,MDT,IBM,HON,SBUX,GE,BA,MMM,CVS,GM,F,DE,CAT,AXP,LMT,BLK,USB,C,GS,MO,TMO,SPGI,CCI,ADI,BDX,AMAT,ISRG,BKNG,SYK,SCHW,EL,MDLZ,VRTX,REGN,BIIB,ADP,FIS,PLD,ZTS,WFC,PNC,MCO,CMI,EOG,SLB,OXY,PSA,KHC,CTAS,JCI,MET,FDX,NEM,AEP,CMS,O,DVN,EMR,ETN,D,NOC,ITW,VLO,AON,WBA,ADM,IP,APA,WEC,ALL,AIG,TRV,SPG,KMB,EXC,HLN,STT,GIS,MRVL,DXC,ECL,CNP,HES,PGR,RSG,TSN,EXPE,VTR,AME,WMB,RCL,LHX,PRU,UNP,WM,PYPL,SQ,SHOP,BABA,JD,NTES,BIDU,XEL,CHTR,FTNT,LRCX,INTU,ADSK,ANSS,CDNS,CTSH,MCHP,MU,NVAX,TGT
AAPL,1.0,0.6927346787912958,0.6537649854234143,0.5702193870510738,0.4861508236707346,0.5783139045539308,0.41810014886368024,0.23885775749199126,0.5965758054913349,0.259883298516096,0.5281407534970768,0.3519983461943269,0.37657927676260766,0.6474506303725595,0.49276363110000165,0.27633231259019264,0.2754841242996387,0.6046873797309426,0.49783066603126364,0.43874472612163734,0.4267571663336563,0.23262530367958628,0.2655768393803738,0.5102722833548472,0.5094220724799565,0.3596893066835118,0.4083622313083849,0.5345022957330368,0.29926466545846986,0.2000542663951743,0.14650728717378161,0.3165700024605573,0.6348584009433399,0.5043744710038754,0.4176749113504666,0.3590997127214328,0.477120801401139,0.1940089337204307,0.6393634372575242,0.5371368562966212,0.4977382297720283,0.6443122111752272,0.3891564188644229,0.44204427501116195,0.4864275740932407,0.42095314675063905,0.4240744666300012,0.369259171122546,0.405164152098288,0.2986517148027489,0.4272385885323866,0.3869245065800311,0.3049967072866372,0.3697274132393363,0.548177033111862,0.27429578234656826,0.6097693012486921,0.3183214600087199,0.4187605665374959,0.4128558066361711,0.302378518583918,0.47178931238927063,0.5797108964078215,0.39637567571220794,0.612985333384842,0.36209961820631487,0.593671456336769,0.5284510570458545,0.453031177292301,0.44078122589019986,0.24236601905668098,0.3839190485050373,0.36017765684675435,0.3302381647564974,0.23995589406535778,0.19809415734813018,0.538514304593325,0.3515019927490692,0.46614866472430627,0.5252483312031964,0.3579053908353074,0.40170426943530857,0.6396411926415373,0.4353209534418776,0.24138851915742118,0.19206591105497212,0.22678875726887446,0.4365633110714564,0.15600106066566582,0.5939175279804485,0.4397197934208745,0.3599715491603027,0.3780297107139019,0.2348705450113419,0.37072209531308004,0.3484761243277461,0.3545600860646535,0.2832252230812445,0.4482032091465945,0.4476053560483481,0.3057681259845802,0.1897668923619995,0.5813117367165641,0.1822932730365906,0.46219057864819574,0.35037759433954785,0.2568630519612282,0.3660841733780053,0.23523018008807794,0.3618336035175756,0.24432953943403982,0.4108893743456095,0.26715595788899565,0.4355104146344196,0.3403691458683948,0.3578096213057004,0.18739969051932878,0.4080599707039915,0.09708907229843605,0.5331671889415114,0.33804667434644864,0.5543505670106778,0.36964539530090695,0.23347748441435137,0.19803347345698083,0.3359196984673158,0.29669216004449417,0.422065657071514,0.3759942614633588,0.544926555311237,0.39164451868757766,0.4150872325296545,0.24797346952873722,0.4580439762077851,0.40043215387897524,0.33283538406069924,0.488156771824274,0.528257511858867,0.47086802709996317,0.2438920324828427,0.253836012422258,0.2241817610642049,0.3055694470508264,0.3895717181124927,0.40077058025723317,0.5089930740792636,0.553245806435371,0.6326617116523436,0.6015564260846533,0.51081866053281,0.5505744668466883,0.474545651284028,0.6217373689679391,0.48600329151802657,0.28989315480418476,0.3356599102669716
MSFT,0.6927346787912958,1.0,0.695716354155094,0.6644794786737438,0.3656243784378622,0.642773445586921,0.3281582652035126,0.17280886007426574,0.47025693922537276,0.2415423545335182,0.46150520334151757,0.3480675656358322,0.30964694902425727,0.5697596705523323,0.4503787606196248,0.14300948188825457,0.18587343668260603,0.6534491908995009,0.4594499073644651,0.3983038681067197,0.3715846901097373,0.24822166404381357,0.14481071984303825,0.48899336707825697,0.4415179425004853,0.3379468655846518,0.37135430631558686,0.5428481717671292,0.17592500708328757,0.1995307465236914,0.0636533461931127,0.301507676005316,0.6605370893773796,0.41986339246719706,0.4557240510135198,0.3086745510936529,0.4499503209388272,0.18100275241302874,0.5248918127917653,0.4831462205931772,0.45321209453654293,0.5670569302862193,0.2988684396732361,0.342373805547892,0.4432231030327202,0.40611522643062636,0.3488511410041957,0.3354693360509707,0.3194506793754723,0.23862690780834014,0.33169620173389147,0.3632227759652925,0.23638296136515752,0.2571306768835357,0.4477050386653772,0.15063343699785806,0.5621515043384903,0.21481794892662356,0.3448102009342993,0.3645234289841903,0.21728023402389662,0.44029084892607806,0.5666199656584268,0.357770507299046,0.544710107979795,0.3136937637624433,0.58296415752078,0.5108724616625656,0.4429782346226763,0.44116227446981954,0.20855685090206544,0.3081586152558499,0.3613141209445065,0.22257501261268803,0.1874366524806982,0.25695787208826687,0.45852832599260274,0.29815954761890884,0.38579222672837304,0.4514888243373453,0.2674105402978692,0.3410336460180142,0.6302271833658245,0.2980288150212085,0.18272622515420148,0.11143949899035917,0.1964277813441851,0.3548766594605307,0.11798923633951905,0.5483017445508215,0.355732070934904,0.26001897355353965,0.3581682491059839,0.24547025527210706,0.2873786202203834,0.27753877748020844,0.28033505505004197,0.22441079559048568,0.3622564595460321,0.4152518452853837,0.20912885469100512,0.12485233412563722,0.48565249298584534,0.15735059013111002,0.44388496287512313,0.2541557578536564,0.21119558223310783,0.30373979987941885,0.16020233342700368,0.3025749774271791,0.17933316407092684,0.2933937621635486,0.1977487127747025,0.3382009742001424,0.28135705699739594,0.29037004907082986,0.20939832094848906,0.37789579716393734,0.06467587566493856,0.5651205421970117,0.2711833346505813,0.5388012248003264,0.29473379638676467,0.14370854561119695,0.11857298397124809,0.32327256568219376,0.22441245268622675,0.3898041803080114,0.2940657814538975,0.4693180928644309,0.2648315474027053,0.37492897721635693,0.17116850633612885,0.3665549209286479,0.32756309204283396,0.3578614230688558,0.4341603092212875,0.4799308761394821,0.4514685632000009,0.19445603801059425,0.18962511167580848,0.22450730127509855,0.3027398117507789,0.3429629110661376,0.345689376953044,0.4267584233158598,0.5437796964153325,0.6535161496402629,0.5942254859778509,0.5917152796555488,0.6187352842351607,0.464272948849113,0.5515042231864521,0.45958687819144,0.18250966788706394,0.2790637509593487
GOOGL,0.6537649854234143,0.695716354155094,1.0,0.674211744932312,0.3743751276114253,0.5374378401833955,0.31025440980881663,0.17121554949652737,0.4202951999890539,0.10554585240763185,0.437961195664168,0.2569514720216488,0.29935257093082007,0.5192435788096961,0.42172957674214123,0.12293445147442356,0.20043833203918635,0.5938700279121756,0.4264762993148462,0.42737880571202397,0.2848676557755448,0.20640633113371104,0.16492661565897135,0.44712682906857015,0.41937254139476743,0.2494788653288979,0.3709345366429613,0.49763492246944874,0.16891344003665584,0.13848506513977882,0.056549468081612285,0.282691007141973,0.5855687684889356,0.37911665911090203,0.37063364300799034,0.21632403263648545,0.4325528945936595,0.21506690248252203,0.49909116907545215,0.4676562165260097,0.4122143094127779,0.5272500934278775,0.3267475241105001,0.3091877988636458,0.3881157992320542,0.34536775068898884,0.3129754552051629,0.32328682874062364,0.3353289366539875,0.13646057170496698,0.31602291981125047,0.34842453362983405,0.16723285065337154,0.2302576913157298,0.4150394596500879,0.10464694569227578,0.5091168577562016,0.22772679636452775,0.3596990108766927,0.3554854185610972,0.15353550358134777,0.4850329941762299,0.5075593449307435,0.32874580673172965,0.525793749680602,0.3161240599058515,0.533236343669988,0.4895865476237588,0.4634339926672305,0.4267715770194994,0.14300260245559784,0.31260692363520515,0.27332898354346236,0.21793963737732167,0.19404433127367082,0.2263634734746576,0.5535958099195796,0.37000292605551205,0.3738678190278472,0.4567853167395673,0.2711366098376562,0.28597234626368534,0.5397180209975955,0.29024186161497123,0.15645367974613744,0.0927475748149249,0.1608202456858694,0.31409969023378004,0.042449587671581065,0.47560565691606227,0.3266682128164688,0.23631077933849393,0.3384660221284876,0.2573661348697161,0.23575493012987497,0.2157430045027051,0.25404465566628537,0.18776291535116585,0.397279807655635,0.3078741189643342,0.20453007520263256,0.07889953565896325,0.4292322887384754,0.144364686884411,0.3626739266651863,0.2526080274340283,0.11817571976870396,0.31580514064780535,0.19229193048653356,0.25038305601090916,0.1741106345732217,0.2568752940744329,0.09496215553569431,0.3032036627621484,0.23809979393713895,0.23613721750322983,0.2141142767681814,0.37153267247249494,-0.02646709592432493,0.49367248630317684,0.2578926353665844,0.5203877310985136,0.2357112842064959,0.11911631349679974,0.0657331968807382,0.16910961182194262,0.19412817133617363,0.42552551048632486,0.29153500456535614,0.39686105173188047,0.242925592036884,0.36206693592670225,0.13625681495681602,0.34130974275120507,0.351137333085749,0.1385362981273326,0.4895535613491356,0.5302001733919567,0.4621345657850936,0.254279261639654,0.25718638297160745,0.2426391222295465,0.37265429997939564,0.25962380975808064,0.3455151569056241,0.3477554375345174,0.5052927572398194,0.6505648544569066,0.5510309381115098,0.5111387405437818,0.5161752869360875,0.4543753329174263,0.5235616525579901,0.45021808261477664,0.18556516242791105,0.30584225085855515
AMZN,0.5702193870510738,0.6644794786737438,0.674211744932312,1.0,0.43657627073328903,0.5153356444613517,0.3111706883820957,0.10922315845891446,0.4286681691279813,0.08623340412314506,0.4943363090997557,0.18476345503720676,0.34476124449209605,0.49721657522707535,0.4809379081010986,0.13506889958723103,0.17774953694440612,0.5828806695466865,0.4652360793881013,0.3785174098435264,0.27466042496113807,0.1667350019558085,0.2332678480191293,0.3980673866759937,0.3870529156934783,0.2426624564498959,0.3117562679853517,0.553888192816725,0.16846716453539837,0.12622254755102905,0.006378383527769874,0.32949747441024807,0.5455114638433204,0.4377287288771253,0.3705308110157825,0.1643866674941547,0.3914371206152169,0.14869652324348903,0.49926290085554115,0.5085723556199704,0.45494676445523846,0.5209402919384833,0.2996955143446054,0.2969891093891629,0.36599456650756285,0.38270887997923,0.34365776880524346,0.29661034600184033,0.30626889625154563,0.1702859241264934,0.3680206859868547,0.3606654527806552,0.26085381822506404,0.2578550860868094,0.4518538698662088,0.11053566142066676,0.5312152121488674,0.23740129209875746,0.37400948649650356,0.3837908859069958,0.15108038283068642,0.41382429863628384,0.5216276204976463,0.3420497262566065,0.5042634705695703,0.2956497358771723,0.5334268465171565,0.47063622076906014,0.5159063063617345,0.43416785417748827,0.14305709401617128,0.300507703287132,0.2439092703220204,0.1206312742547615,0.11840626436322471,0.20703179388669796,0.40503131754450516,0.2737849667382356,0.3873526932388298,0.3952583538703011,0.27948869680117033,0.3622463547462666,0.5644057197408501,0.2772158829499886,0.148576480943807,0.14119495848581762,0.1911882146547889,0.29175214622066803,0.03606403291009758,0.48036856000829825,0.36155535792618704,0.21811435976015134,0.35743359135568514,0.3079208343889752,0.24329668033875165,0.23265556051849126,0.25143746954880136,0.21856923101536868,0.3898368965695976,0.36471129699690025,0.20076416377978684,0.08733319443892082,0.43813671721921577,0.1355873821313424,0.3238916419051526,0.2520399888010475,0.1718236101217185,0.3121070714539372,0.17405471119225463,0.2296784060347793,0.1638236786887696,0.27331144648264394,0.13264002132199793,0.34411684550679744,0.1631902565821215,0.20971273955033948,0.15260169488062983,0.37349602565022416,-0.035603874248073174,0.5432613130798033,0.237360655666841,0.554645588920879,0.22972386496788585,0.14656757225939243,0.04664020872463019,0.2353577749989082,0.22757646707770107,0.45489979792105406,0.2556784808070165,0.40875366165089655,0.2754437814500718,0.41086751472031835,0.22811670538601816,0.3548549932683601,0.3114828187405992,0.21036667110304935,0.489651628431885,0.528126711613006,0.5132994456318851,0.26347276837714884,0.2658364612784692,0.24909445778993042,0.3177965327911414,0.25123593213841844,0.29311949074769095,0.29720529753694575,0.5200935438056503,0.6515040408893137,0.5675240267560251,0.5393215617596682,0.5370722233282018,0.44229666589460426,0.4936703818502126,0.4477945263845042,0.21521333836997905,0.3587636313439108
TSLA,0.4861508236707346,0.3656243784378622,0.3743751276114253,0.43657627073328903,1.0,0.4773080100009172,0.2967680727086138,0.06153746099839043,0.33595677299356586,0.10892087782773016,0.2927188567536373,0.0820374310467892,0.3418436754544306,0.3391218781118444,0.37060463287549184,0.09347020474546261,0.11651491802105744,0.36370016944123923,0.37782180166816187,0.23555087577640346,0.1697591980105036,0.12736036017406907,0.10401884447645157,0.273597074234055,0.28171527144168435,0.1503304930363631,0.16732874524320496,0.38474464572990613,0.13368944156492346,0.07124379653646197,-0.06459973236240589,0.19935192076539146,0.3772987512594307,0.2681384272953589,0.250096398804092,0.11528948870673665,0.3231909102908395,0.08143382664122088,0.40494669213998463,0.363960453622582,0.3702071532966175,0.4221120073446243,0.24404089841958054,0.1261318281126901,0.24491047939143873,0.2863795695126288,0.22171430667959222,0.2181808551355833,0.26756252794306146,0.19702616473786008,0.42545363412732135,0.40404516705282956,0.2671649886893228,0.2530703004641443,0.4359999780839444,0.10430288308791362,0.39574482790710547,0.30847999410605664,0.34390037436849463,0.29308861883879034,0.11744072076947269,0.31892078837600124,0.41227626957520125,0.32928317002011587,0.43393448614052166,0.151282762566187,0.4035086038892965,0.33247635263100755,0.40655622225423355,0.27730358307577874,0.22548050023482788,0.2511695999037049,0.16688055335135502,0.1082384135057541,0.13413996029495306,0.19986406127317588,0.24338022975249707,0.2382482163259527,0.3266438607138868,0.28661703013518697,0.32956301448456216,0.35549864550877486,0.41453249878177517,0.2590543609600192,0.08935987018542178,0.0807615812651361,0.13902940038629671,0.3085060476829034,0.041429793107374324,0.2949688124092876,0.28899766140767125,0.2504048712219878,0.23871848774483154,0.07463808378365469,0.16998577868371822,0.16087096753951838,0.27044876050250094,0.1741620497792518,0.23201506292072255,0.2814889113772108,0.15937556277720866,0.038294104962720905,0.33160810834651494,0.11200012528043089,0.16531359705707288,0.22214689670211313,0.16378759628892792,0.2245186033655805,0.13931779784212278,0.1384868947686683,0.10101644317392262,0.23844989978366818,0.06789960449287004,0.3530073943704349,0.03671827652041141,0.17124770207934029,0.1067626500405471,0.32662220166408795,-0.036861577436038205,0.45197173991514494,0.19324119092417033,0.35363906143969626,0.1379275960578636,0.07615906011682619,0.04791621150836756,0.14897977212048646,0.18327831231548597,0.3910475197797205,0.2786946725098913,0.3150542376879863,0.23062250871803103,0.41763122461038116,0.1943085721914725,0.3136572095483071,0.22962155174431412,0.12951629716277277,0.40868930721082924,0.4620368361033098,0.4722952650813878,0.23846596568238243,0.2569858814625827,0.18317965045551315,0.2658739422806146,0.166434235109055,0.2479708188701844,0.2995146567294311,0.37047896036284905,0.4410443076602931,0.44475265342789494,0.3687685133889355,0.4148860670608538,0.3082386728174675,0.4612354520659041,0.3065073806752278,0.23980342826388362,0.28783854557735516
NVDA,0.5783139045539308,0.642773445586921,0.5374378401833955,0.5153356444613517,0.4773080100009172,1.0,0.3755840527639433,0.04472326176640472,0.4570350806834848,0.07066700538391532,0.3985679807123169,0.17544177645264133,0.3274352407409402,0.5150488720632381,0.41100489445366345,0.12464436666261969,0.07445232336773411,0.5861293038738093,0.4173903514468897,0.33174739795661357,0.24353403572400337,0.13321950425971452,0.09300277724750142,0.4084932785688371,0.3977358593197264,0.1813341332818175,0.24116592481590007,0.4804797380964278,0.1604459262831711,0.09013684251053562,-0.026242310407129397,0.19569056733844253,0.539863301528799,0.37843690810780667,0.4169160755524517,0.21188058745648186,0.3872055112450209,0.08732148076044116,0.5850370084413656,0.40144982158975073,0.44071602163944934,0.59466906897756,0.18162368634390091,0.3095628710440873,0.3550063142296666,0.3605541579554978,0.37885292988033503,0.3627758252220915,0.29692213509733895,0.10561153056891083,0.3555601232834755,0.39727467131590516,0.26330334701013824,0.3191439135787988,0.45368725596663945,0.07842401707961308,0.5445566212455019,0.2522953166504225,0.3960287765898369,0.3734137695379245,0.13689770241730115,0.4222303398499476,0.5135630322146723,0.2940403898027763,0.5852377482290053,0.1882205129538246,0.7082393972794946,0.47390601264547777,0.4512124489564327,0.3972559166962557,0.26298111564695786,0.31785316481317916,0.20532592055977003,0.10869467077151808,0.1334658666280857,0.19962830706896478,0.36599100813961466,0.24366460669721152,0.37339361288523903,0.3475181098093957,0.3254261596282231,0.3256556774474501,0.5303522107386449,0.29728643070900523,0.16895792276614438,0.15505597740376495,0.19074695088577293,0.27145862287693256,0.005884133399928649,0.450550821414026,0.39994580255977785,0.3017201820558248,0.32521619222818193,0.1858506589686275,0.1261525671910677,0.12191076407510826,0.22660960201381367,0.2227547544560898,0.35345479117334644,0.46546386718052557,0.10671598216273923,0.014909757739697466,0.45503654426314083,0.126533443924189,0.29503772360871316,0.22091956672163815,0.19492814344506873,0.2727361721414547,0.18378769757699315,0.13620334336868464,0.10637008919073966,0.2690026856739051,0.07720994041215441,0.3385577573409515,0.12861306783438647,0.16261834965897193,0.1331118778127736,0.37980217654260634,-0.04274399735718479,0.6818048035338925,0.24005594648214418,0.44560601664245303,0.15557681208445287,0.15307773422695262,0.038990522772618566,0.1649570757826783,0.22498971259574888,0.4222709193034855,0.29406915443501425,0.4476452532856194,0.2589093962324756,0.4228876926077573,0.06667465600624098,0.37868254143723734,0.306179667791855,0.1475471154622097,0.38760893220336984,0.5040491216900017,0.49706616635172407,0.2627132386026066,0.2678644697773209,0.2625910672268426,0.3607485058234308,0.1642570987957121,0.30871071652176973,0.36054359466303054,0.666440014431743,0.5716692522524618,0.5566207228771485,0.5913405948547745,0.6866765575373666,0.36240299467968745,0.6259965016428439,0.5864410590405601,0.21994067911278897,0.2609224684678976
JPM,0.41810014886368024,0.3281582652035126,0.31025440980881663,0.3111706883820957,0.2967680727086138,0.3755840527639433,1.0,0.27671624652917337,0.525968852960779,0.2903845100215936,0.4707762185123752,0.2970549355590273,0.788758983715844,0.540429170821941,0.4258322521094964,0.39487046951210075,0.26930516465043225,0.32680203169136274,0.3029871672966096,0.39225138279082866,0.3616809227482255,0.2955074221033938,0.30626770846462364,0.31863048150418516,0.38876003196878134,0.27364907044423353,0.429605581078943,0.3471779402615503,0.4432772517147683,0.1465122985215826,0.2527853346117732,0.2735257007564579,0.45187594789501373,0.42278140963578004,0.33292092827586767,0.4157489850597652,0.4756107234372426,0.23446191738336578,0.42506783606417003,0.34536663989093075,0.5267488817413734,0.4732719367167144,0.3428375000787809,0.5028616947680351,0.5743808790992284,0.4563213854509675,0.527097326351961,0.4029869738643545,0.45227381615891676,0.39454826496129713,0.5189289742989841,0.4502616261744053,0.45762813727361434,0.5227289191359438,0.5906089112162622,0.27991157916237447,0.6472769081456397,0.6033272406726388,0.7610473357583847,0.6782029862742004,0.32291892047360604,0.4633478351732043,0.4790790190813156,0.3050104555352305,0.47875221335839435,0.3871991658463716,0.40017924354381956,0.35567157121324344,0.49777791740879007,0.3621851777657396,0.41149561806224905,0.40322328516593803,0.2990528612833664,0.23311154528646677,0.29456117883714383,0.29463583495715207,0.4400229676767487,0.3474441445914006,0.44085769371611344,0.36909738985357193,0.7766462068181716,0.6659409037011652,0.47651801448097203,0.5403916657431752,0.3904605818612616,0.41583970345577487,0.34819775840845774,0.26345307336985546,0.19695050408022577,0.46413894138283807,0.559012674858741,0.6570975166725943,0.32598229029414055,0.1999021348023261,0.3005970403080146,0.2727895839860944,0.2993020645869861,0.4091039932129624,0.5485924698804684,0.5274737854228245,0.29562725288499,0.2021815810383543,0.5669344522497566,0.3518543284297461,0.422226238740959,0.319403377787946,0.4295507742124605,0.4524820024513372,0.3824773581969403,0.2914554422809033,0.4597854305848774,0.6349312651387908,0.4936628304817904,0.5251652148960521,0.2947076424100046,0.29056556332904726,0.20228578274336798,0.6072527789800579,0.10379079664008181,0.37855201943613814,0.3644859997047103,0.45183153950434585,0.3335858162870791,0.4196693479602482,0.339459716162666,0.313540478583737,0.30260177686873024,0.45421277679060207,0.38759772836868767,0.5695558145015633,0.4567100716793398,0.4553831142784712,0.3367013719876764,0.714503213082678,0.4892620339864205,0.27713657541369613,0.37016949673215394,0.4805281952778407,0.3508403274529345,0.2646886235773262,0.2819384492117332,0.21313580749519018,0.24602616397926463,0.3015688950499007,0.3938328337579674,0.30836507585963596,0.4002362012650193,0.40762706860916337,0.3697763538793396,0.36120375291337176,0.375903675878904,0.41780984876589994,0.46929697034738765,0.3281673971123355,0.175170961801412,0.40281807739593584
JNJ,0.23885775749199126,0.17280886007426574,0.17121554949652737,0.10922315845891446,0.06153746099839043,0.04472326176640472,0.27671624652917337,1.0,0.30116132421779285,0.34550200568984824,0.2959332216856393,0.3892543043119877,0.24073034771153798,0.3080976751698109,0.1459043270690411,0.12741514496593495,0.23835462730271245,0.1252429259512535,0.10539441009090586,0.2912974073590417,0.4302119547468119,0.4085535849351849,0.2060445677642908,0.1547572845823342,0.2582774235838832,0.456419432788289,0.4422933901309205,0.1191312091412925,0.16650115521279216,0.35681928842036814,0.5324063125104388,0.2462182916608039,0.22222933144545634,0.19934611626496004,0.15619168793472518,0.42717114339000556,0.2721023061682861,0.4776462594859269,0.13498939070263713,0.27083337707001026,0.23410231114688135,0.18262014436573643,0.36396361237882663,0.3345031121063481,0.3510748742240513,0.29875347450875844,0.21484666641324127,0.18100242982168802,0.2811833842507831,0.3152709022812952,0.22846304007030857,0.23476686128137725,0.18223132517890825,0.18535841427275962,0.17774408732210392,0.2865957658488192,0.25954095394623666,0.21520645774698516,0.19111847537229898,0.28407112828433706,0.33429133845279746,0.28213090003516283,0.27062414036529536,0.22007706084418127,0.12777883268684595,0.4640636890662066,0.09794971553067741,0.2753338287199766,0.1286653118940139,0.3072223512235296,0.1291630350087742,0.1575266803184548,0.3794822396837846,0.31782844560839285,0.31033080308037614,0.24058463185649046,0.3001117917198507,0.15055072049159457,0.31523446738191757,0.2786788352410224,0.233590050180088,0.25255195684220566,0.2627226088165877,0.1661994460789784,0.08732796801016904,0.04662228665377392,0.07506114800533589,0.27321289466803045,0.29657990183721983,0.3275112094747842,0.19729727532031985,0.24417381402603408,0.165409938792581,0.1386601911260694,0.40833355893057083,0.3755937606703775,0.29906828091131443,0.11316876144570433,0.2256901053627256,0.19673576709604926,0.31267296880998136,0.28676533149386146,0.2423557715236208,0.1290949091277335,0.33689355641734325,0.2511544181062476,0.2545786300097866,0.146751205767585,0.08372770183800259,0.4168572810274497,0.2281441402538241,0.22146653088424093,0.3146620260584293,0.2680135590364978,0.3868933914333898,0.2985095744914885,0.20912918921175513,0.19341715175200178,0.3099657571302263,0.03889556709682867,0.14862309638780377,0.2851140074007245,0.37319422821502657,0.11955367396634273,0.20673388478593915,0.36320932125524363,0.20444955398948217,0.07244388376608238,0.2645491861114761,0.2892667445647776,0.23928590595936916,0.18332590167318574,0.29437512461195914,0.22894929173310866,0.2557866804825133,0.36370056293985753,0.12838712634793842,0.16975184027456403,0.08251324836725141,0.036670823687125556,0.09297706782713897,-0.010704217651510854,0.04830896936397173,0.4233182544341782,0.2321346110908753,0.16178786754997776,0.08711048450196114,0.20644992977347254,0.12584601530055406,0.12237080393699323,0.08912311209397723,0.15900995916659436,0.1487766989892155,0.10858311198235113,0.0335500618980151,0.20776581985393536
V,0.5965758054913349,0.47025693922537276,0.4202951999890539,0.4286681691279813,0.33595677299356586,0.4570350806834848,0.525968852960779,0.30116132421779285,1.0,0.28259547751729924,0.5237349045364713,0.4019045643254826,0.479585146227132,0.8695775856342047,0.5035423137528692,0.3212700450921257,0.2893868502308519,0.5799622146943056,0.3990210616675915,0.4344661282596359,0.4751511861953583,0.29022790286170147,0.29291548780563914,0.40405086414472274,0.48523713462684737,0.3697446629035318,0.44492178020053524,0.48551320261669156,0.3165565682175389,0.2320464032645988,0.2360258039346894,0.29188650873059196,0.5722937284716167,0.4733808912965251,0.39113065633964594,0.41946970005894924,0.48181175905505,0.26987823303693226,0.5238684725111382,0.4728236844551336,0.5031875785125386,0.5053515258397406,0.38920174219398707,0.45115647452022956,0.5097865591341291,0.48028462587238224,0.4983149131455339,0.31505997001450625,0.43985584673233247,0.2838638681983874,0.4071824743186412,0.37569264447816947,0.3524559053369526,0.4388182582295408,0.6302459789784695,0.3072252830420103,0.6002532600696118,0.4158396100110079,0.5158146583996218,0.45814790899703767,0.3333771257178673,0.46990834892427563,0.5852736819318665,0.35916635027453475,0.5119979430485455,0.47720222044429284,0.5111267857665496,0.47949109373596516,0.44206543090721045,0.5155648322178835,0.2773921825042017,0.38450178326501705,0.36244737931544624,0.2819541008738651,0.266017989443701,0.29282937058623004,0.4394956644701035,0.4509201685889952,0.47322768555640393,0.49093183433056414,0.44933137970488407,0.43359101449455606,0.6107758165091121,0.45147111335693935,0.2946794871454325,0.25694547419095337,0.2942880919200931,0.38816489635420875,0.2433951640843726,0.5536620554544882,0.46010413099047054,0.4210426343674511,0.37226514212750744,0.3004433400963712,0.33938889862443744,0.31269018242901153,0.3417009587378345,0.3529404507887605,0.4699748037364695,0.44787882513454724,0.26330229841659286,0.225496471555732,0.5489571976642798,0.2216202127921913,0.47762428978452415,0.3068710065359193,0.31433217646826983,0.3544388076400201,0.2673353814804599,0.35544965712460347,0.2782282487568586,0.4504090237919443,0.3282124382300764,0.43376707265481496,0.3842926858452762,0.3619313869769596,0.2266904059661465,0.4705399374336029,0.1369310194847336,0.4454243769224199,0.2650576244323498,0.5353238395969705,0.3413700104339019,0.3185673372698527,0.2817233287971439,0.3542290443245248,0.2760204454806535,0.4017439019993658,0.3685022024056196,0.5204488478040491,0.42530700750007544,0.3685101604769698,0.3301316717123244,0.4940929331307431,0.37726901288214165,0.33829451826099494,0.38742773048982937,0.475480012065954,0.4420955963367971,0.33181936641213183,0.33230446861088825,0.29207313210814173,0.3427973381754501,0.3604405646163987,0.41309612364974596,0.3580339567008034,0.4920119988814622,0.5596790616737619,0.5327252805852692,0.4511878186903918,0.4793502460664231,0.5326480251794632,0.48959311606886746,0.4402360703137546,0.2287659391621483,0.3691702303803925
UNH,0.259883298516096,0.2415423545335182,0.10554585240763185,0.08623340412314506,0.10892087782773016,0.07066700538391532,0.2903845100215936,0.34550200568984824,0.28259547751729924,1.0,0.21446115523725004,0.3214980548669968,0.1984895042317913,0.26716124424144233,0.175147075946872,0.18613819874440174,0.18397039685823544,0.1432139102854659,0.1323396056517223,0.13838844477924228,0.3458025964090334,0.26624936291511114,0.11928293226719533,0.06693645321626271,0.2494593891750317,0.346878739597442,0.18163433166455847,0.16721609732547307,0.17301195312615103,0.35991839960085076,0.4373008809859107,0.2172542362817057,0.20359936236723972,0.10293350184123673,0.20265251991543978,0.3363617085111271,0.2309668958854617,0.28723538340548216,0.14842820086499298,0.2586379376553047,0.14256104177196197,0.1604195435539618,0.1060744001496659,0.28944840203367567,0.3099503723539163,0.19310936802376713,0.15174102108639645,0.18105549168567409,0.13878805540103958,0.5048978202414056,0.1176475392734851,0.10127186418261329,0.2608042001479315,0.14222512710006718,0.20746037554784422,0.30524855831240805,0.1693380781343208,0.15704704036739936,0.1285073556017034,0.1810279141618276,0.290074454708043,0.20213591313146081,0.2216117661919221,0.17085447783244503,0.1260632883798721,0.2822572307194259,0.11424254524488889,0.1279549370937214,0.15606227257344038,0.17989198891974795,0.14258939119794373,0.14836446208803802,0.28652209768786285,0.282046984588162,0.21753458769494066,0.2170900192273812,0.30894146746133455,0.12676990110113065,0.17467953600321792,0.21020693655859857,0.2200357880987334,0.16975161790303336,0.21879378359894916,0.1759263113091601,0.1452129163993111,0.16750210805846238,0.11156088720892718,0.2541954303717507,0.25828689630980306,0.34895263375852176,0.20810240429974658,0.25250750449699333,0.12445176410975761,0.12025053181828903,0.2764346245300648,0.25336182705322313,0.1474514388911881,0.14433721932367402,0.19023377665350663,0.2389397684150255,0.20517184091116186,0.2938287768621242,0.2085034120460149,0.1438629602595032,0.3351214804459463,0.12435529612496445,0.2774474138507632,0.11968645226018716,0.15132739784944252,0.29111321102553744,0.15720669290716952,0.28744193403523144,0.3360223368766449,0.18004397586668516,0.3128363109410202,0.28518749682751987,0.17351849879809003,0.14569418303490914,0.3023980056877216,0.10613814062775738,0.11076210797308392,0.24610875919647415,0.3063277617350526,0.16684262082974724,0.3034150981526295,0.3902026575194999,0.12365624923302813,0.05468432664569174,0.10830804018420728,0.3080834696036482,0.2139698356174579,0.12363626657368336,0.22401605549774856,0.2168546614083625,0.16363030820034397,0.38586062022065515,0.11133454593681685,0.09228619629884478,-0.0003173893106743227,-0.023974488870182137,-0.026241784179092592,-0.08203277544171116,-0.025304179441847364,0.3156573264164876,0.12993696535517227,0.17370492983470556,0.09336425154332792,0.20101671042978927,0.16532363959321475,0.14132605326474604,0.18193794078324668,0.19031083787923556,0.08660673217586114,0.047407458112971465,0.034901359406937366,0.07078491930374775
HD,0.5281407534970768,0.46150520334151757,0.437961195664168,0.4943363090997557,0.2927188567536373,0.3985679807123169,0.4707762185123752,0.2959332216856393,0.5237349045364713,0.21446115523725004,1.0,0.38128457742713756,0.5477716096823625,0.5842327005967427,0.48072044945147885,0.2674143601349295,0.3124734487644759,0.46710182397968253,0.3564243335687316,0.5091997332766738,0.46129745243288284,0.2797062640257395,0.2799827972674386,0.433099042877284,0.4936205409717154,0.38532039521521866,0.48163445809590905,0.40931093884859926,0.270641482734614,0.1864191040642962,0.15238441397764857,0.39693976625091465,0.6191784170393854,0.5335424624828701,0.2965286912444238,0.3210033847859927,0.5473401860342013,0.32375199146013306,0.5048164643518692,0.5137652842525215,0.6008534585969411,0.5915971931936215,0.3688302314931145,0.48029208750050795,0.5854697595071835,0.4512575389997655,0.4197438248731488,0.41305318732231544,0.5295515541389252,0.30547531066546946,0.5427704174413571,0.558689221878971,0.42431629306904844,0.46130697913189633,0.5311590417129408,0.23554182194149903,0.6853723541027928,0.4745293798551606,0.5491039458743884,0.5497347273358437,0.36239171324900576,0.5293863383794646,0.6122688514104303,0.5240452189214547,0.5785495530220962,0.4413743590637353,0.5322049495283218,0.4420477814288853,0.4156227301521108,0.42616652579766917,0.34506604023443066,0.40833895647615004,0.4144199879267207,0.23501081996680875,0.29217801605563454,0.35791811252079225,0.5493686246554011,0.35882185762772106,0.6370366108706378,0.5109965610046306,0.48235007924761186,0.5420258907504735,0.6394432557304127,0.5204560663120544,0.2196378143747191,0.22375166203871882,0.22989623351413505,0.5447973746767572,0.26164046962208715,0.568117592895576,0.520055049233104,0.4502709214549976,0.4218989809352414,0.35209929451087496,0.4494301514678836,0.44539127350934005,0.4991765486156159,0.26745795152928914,0.5758346470180438,0.486017798225659,0.4042228313772914,0.2191985315830233,0.6877584727871658,0.20841741254335314,0.38745444468720136,0.42221520442857385,0.3279150155312107,0.5255055222423464,0.24159736844229568,0.4392591451334343,0.385056809123094,0.40540897313551816,0.250228833320383,0.6262031190017712,0.38572701131106235,0.41203103092412047,0.16015639882253388,0.4779233815819427,0.14844024509649825,0.4773541486354859,0.3638512880313198,0.5856318362627881,0.4270111256089247,0.2513180349061136,0.20317011406081711,0.31485803384704086,0.3715751755205136,0.40552446244417945,0.4952916238993676,0.5791340524627678,0.4388078203968409,0.3908277744973672,0.3503233570697237,0.5491655562667812,0.5194868968134643,0.30518381531290584,0.4723452556993251,0.5450014143504376,0.4252652968538782,0.22612554737539312,0.2526007090802825,0.16271367155371017,0.24294107345776367,0.4372925847286083,0.4755456359346663,0.3655083242787799,0.46113025740658875,0.5756070680653681,0.5630639179622329,0.47937401611427727,0.3999104247283665,0.5168242642310081,0.5828587549656712,0.3919127828208324,0.31614174311998444,0.505391702573888
PG,0.3519983461943269,0.3480675656358322,0.2569514720216488,0.18476345503720676,0.0820374310467892,0.17544177645264133,0.2970549355590273,0.3892543043119877,0.4019045643254826,0.3214980548669968,0.38128457742713756,1.0,0.23809368876618847,0.42387965777352304,0.2655197325851642,0.08298555195831465,0.3177408071108942,0.31174243654867345,0.24285578984713727,0.36212033843177405,0.6446790124514556,0.26011710921811554,0.23219537068294277,0.3380905243850097,0.35191370570549807,0.6395530081149069,0.4693762452625463,0.26271576632447324,0.06564677451848434,0.3114932594181431,0.3474225012307817,0.33322679519345383,0.3580393618157352,0.346508834241342,0.2974239143336901,0.5539208605217498,0.35019732662043457,0.3568777757277587,0.2695758337456069,0.41013994438821705,0.2705839636827729,0.31544842969880277,0.3955357616887213,0.3607128644900751,0.4415595026906277,0.40367963566510956,0.28346985684901993,0.27093544218934057,0.33650778339657067,0.252373370217134,0.18070424963824017,0.1628182426450109,0.24002693575898923,0.16943527727147528,0.28202632727119403,0.2927959577373717,0.3599195445203464,0.13401817097328622,0.23412959811740644,0.24061263089150184,0.35884040426011815,0.33964135993301764,0.3868064170402317,0.36464545015633226,0.2812536156825558,0.4699647405841015,0.276676677489839,0.39888676044718424,0.2515397766605406,0.4476398873354519,0.15744670045052708,0.33840901291457554,0.6517895611246232,0.3031146168688213,0.27211299705018693,0.20781224470169873,0.40097335281177426,0.19778942367803354,0.3419255898765697,0.3609442439306532,0.1871371157681057,0.23283255235931138,0.3923823087794241,0.22885356859136657,0.060174480187491164,0.007153601677259287,0.021062459779573637,0.2947099193815018,0.4097482832948324,0.4344614772784589,0.2825545200092201,0.23060320423099984,0.1876013375770359,0.2801858335186326,0.528999420135965,0.5288952153386066,0.29864615535899713,0.06987995066109878,0.31605713546422676,0.28704516791281864,0.3593673568103809,0.19026533248251215,0.384690102481047,0.08789734178122181,0.4063740010986539,0.23485886657644253,0.22537504372396333,0.25616683421891673,0.058448427764308884,0.5385056254503113,0.24059739295603697,0.24160249399569977,0.2639247256079535,0.27403143147826214,0.7432363996240504,0.4456520356489731,0.28569126672605755,0.27689327103984623,0.40717191153862076,0.1696253745891618,0.17089897516009891,0.4296418486778445,0.5121925792162497,0.08334643550582622,0.2247086733458612,0.4212643189013083,0.26375049128508526,0.11206760022631712,0.30597697360828685,0.38860070475528913,0.26794031907369215,0.14897931671473041,0.23427073709671464,0.2529733004458913,0.3117331133876828,0.45085943418936036,0.24718184545853783,0.24436086274767943,0.23302692738105749,0.18878556783637018,0.13817541550986,0.15479508616802473,0.17167800974044892,0.5363468521662094,0.2944005962512279,0.22270298936636976,0.2181175212084383,0.2969984180228786,0.23153905737714917,0.30096699530860754,0.24320346431996676,0.23615699851695265,0.26557926746695193,0.1860463327907523,0.11399069338564341,0.24176797775738235
BAC,0.37657927676260766,0.30964694902425727,0.29935257093082007,0.34476124449209605,0.3418436754544306,0.3274352407409402,0.788758983715844,0.24073034771153798,0.479585146227132,0.1984895042317913,0.5477716096823625,0.23809368876618847,1.0,0.4799918107638767,0.49746807044214536,0.41612702839247834,0.3616669132950211,0.3041048046528919,0.29422807199014755,0.41594311282203944,0.34399782260532247,0.24834234822606627,0.34717071344374034,0.3184725538157531,0.4074137935611343,0.2385054553441566,0.4046662859448063,0.38676912425927346,0.46912619838588954,0.042392655607206724,0.20767930469742316,0.2582124304516353,0.45957711230951337,0.4070420798855045,0.2807843142681603,0.34272874178887114,0.5010788212415274,0.23319062302277904,0.45659909271102744,0.34952779849948734,0.5568653283977644,0.4844430522357674,0.3921101509096265,0.48952313106173306,0.5197398829020812,0.44840117094585674,0.4420495941263426,0.416039174862997,0.5085363159001501,0.40478488191789813,0.6041562508975106,0.5097839337422557,0.48874099627068446,0.547503328632789,0.6395485008143761,0.2550807384723183,0.6770822089904273,0.7474513676367169,0.81694883732916,0.7557054099041122,0.32635798698713364,0.47393111088025003,0.5044336363326352,0.4210425243478118,0.46907262822641305,0.3596794641443818,0.3920560536282728,0.3075140193635382,0.43727849073854114,0.34171632927853557,0.6104979994729876,0.38853360354915917,0.27533178400755115,0.18271760146156818,0.2722409548524056,0.2776000410454606,0.4288747257848563,0.438160122034335,0.5216076247984943,0.37269813136644536,0.8447997387288357,0.7928492724769997,0.4918818373336096,0.5596142318262818,0.4133030632645276,0.4058765009167657,0.3736527087102414,0.35093658790156124,0.17506645579148553,0.420421431436505,0.5377158033291428,0.712609462629575,0.36315187777487473,0.23540263907289002,0.31855749936777294,0.3046352434133894,0.39525536417092144,0.4258418309271315,0.5678194826683534,0.47816101802431205,0.3942422526430772,0.20381625363054362,0.5702960286807205,0.3731458680014901,0.3420961144416314,0.4011872008056709,0.47758495682837443,0.5202373157896365,0.4067681572073143,0.2978892107085964,0.45425777912284704,0.6267571939982225,0.4266274357728524,0.5995158098969154,0.2615683252016096,0.2713660574662417,0.11597028635970558,0.693159062700363,0.08468152597832403,0.40601123692027635,0.40242950538459676,0.45440615925804545,0.34276814599595784,0.43218467618152573,0.21712715347665704,0.26426368744818973,0.3933565672556386,0.49449967096304426,0.48718991331742867,0.5105978450556078,0.4821983083547842,0.4344991319740655,0.39662122301198294,0.7683867576743668,0.49665076235235345,0.23612454133758518,0.4409923939290709,0.5529263964040312,0.3932413698845938,0.2727314100799348,0.321188282039349,0.19640996837588592,0.2566136314886064,0.3047060434319246,0.4655220479387961,0.2641050688313169,0.3884965049545943,0.4255768069622709,0.418309133346928,0.36091614227751395,0.32757960527999286,0.44349177769360904,0.47685583526262043,0.36625471562513107,0.19756561358209032,0.48286872098313466
