,AAPL,MSFT,GOOGL,AMZN,TSLA,NVDA,JPM,JNJ,V,UNH,HD,PG,BAC,MA,DIS,XOM,VZ,ADBE,NFLX,CMCSA,KO,PFE,T,INTC,CSCO,PEP,ABT,CRM,CVX,LLY,MRK,WMT,ACN,NKE,ORCL,MCD,DHR,AMGN,QCOM,COST,UPS,TXN,MDT,IBM,HON,SBUX,GE,BA,MMM,CVS,GM,F,DE,CAT,AXP,LMT,BLK,USB,C,GS,MO,TMO,SPGI,CCI,ADI,BDX,AMAT,ISRG,BKNG,SYK,SCHW,EL,MDLZ,VRTX,REGN,BIIB,ADP,FIS,PLD,ZTS,WFC,PNC,MCO,CMI,EOG,SLB,OXY,PSA,KHC,JCI,MET,FDX,NEM,AEP,CMS,O,DVN,EMR,ETN,D,NOC,ITW,VLO,AON,WBA,ADM,IP,APA,WEC,ALL,AIG,TRV,SPG,KMB,EXC,HLN,STT,GIS,MRVL,DXC,ECL,CNP,HES,PGR,RSG,TSN,EXPE,VTR,AME,WMB,RCL,LHX,PRU,UNP,WM,PYPL,SQ,SHOP,BABA,JD,NTES,BIDU,XEL,CHTR,FTNT,LRCX,INTU,ADSK,ANSS,CDNS,CTSH,MCHP,MU,NVAX,TGT
AAPL,1.0,0.6927352328027845,0.6537648089454507,0.5702198744966885,0.48615093665233666,0.5783138366924131,0.4180994895813415,0.23885814921146983,0.5965755709031159,0.25988312927690754,0.5281412519547454,0.3519990758939982,0.3765790893520726,0.6474513336115203,0.4927644146108027,0.2763322531217236,0.27548416370565765,0.6046874726531708,0.4978304307308475,0.4387446060361279,0.4267567130609403,0.23262546218092664,0.2655763911653418,0.5102719363419582,0.509422224122059,0.35969051031077015,0.40836142793644065,0.5345023191149529,0.2992643053789867,0.20005397802432867,0.14650689461140246,0.3165703751693483,0.634858628251805,0.5043743328130302,0.41767436584708384,0.3590977269261507,0.47712035140566617,0.19400906351847216,0.6393631615157379,0.5371364319969044,0.49773847930749404,0.6443121072814716,0.3891563716068673,0.4420426924572649,0.4864271781141936,0.4209526234886466,0.4240755852413378,0.369258689048123,0.40516399982649715,0.29865129127530504,0.42723860214080933,0.3869246634499149,0.30499725805211503,0.3697270528468506,0.548176523750785,0.2742943863499105,0.6097697311085293,0.3183215940846198,0.4187611169383483,0.41285493443162447,0.3023783877702281,0.4717891388835866,0.5797111039588655,0.3963769307074262,0.6129845155483259,0.36209995326763444,0.5936713465083636,0.5284512897916387,0.45303086090931516,0.4407809604863093,0.24236655847888577,0.38391875567705164,0.3601784879745681,0.33023842420915533,0.23995621530546205,0.19809394090725824,0.5385140182922983,0.3515024099251669,0.46614888109685326,0.5252482345805851,0.3579048574355236,0.4017042938850142,0.6396409452354188,0.4353207042466239,0.24138911887474515,0.1920656552838752,0.22678791411041996,0.4365626152306547,0.15600182512770472,0.4397196083603224,0.3599711461383037,0.3780298077614782,0.23486955560372774,0.3707217058350706,0.3484763352140767,0.3545585178802076,0.28322572671329943,0.4482026608430013,0.4476045139778993,0.30576850138527256,0.18976692042517024,0.5813116702098361,0.18229279472843413,0.4621888749813434,0.3503784314766739,0.25686186975945524,0.3660842632601978,0.23522991394478002,0.3618330935241309,0.24432998096727832,0.4108894080470193,0.26715501291207583,0.4355109300366128,0.34036850698980897,0.3578090604840544,0.18740014674237,0.40805932396563777,0.09708875744381305,0.5331669923557303,0.33804688662707794,0.5543498312939938,0.3696453711971428,0.23347711678844738,0.1980329751476184,0.3359189603639197,0.2966929602556289,0.42206580331602594,0.375994384865908,0.544926718701666,0.3916450355595377,0.415087933425639,0.24797403389087203,0.45804360853268067,0.40043125837093396,0.3328359750456497,0.4881569332508522,0.52825802462211,0.47086852456331024,0.24389221435544142,0.2538358683743151,0.22418125087989063,0.30556938477401785,0.38957161439388105,0.40077026193858245,0.5089928491570852,0.5631915281975913,0.6326627403232095,0.6015567722179365,0.5108190408579301,0.5505742666704908,0.47454635817743634,0.6217372379810767,0.4860029152004673,0.28989347474989746,0.335659688349426
MSFT,0.6927352328027845,1.0,0.6957166286517361,0.6644798507748475,0.36562440492887055,0.6427732642360326,0.3281584273506008,0.17280795317735984,0.47025653621318947,0.24154230923774683,0.4615054940322734,0.34806790402828547,0.309646637606939,0.5697597767010679,0.4503784642395055,0.14300990100178804,0.1858726814688261,0.6534492698325881,0.459449960262837,0.3983040281227033,0.3715842516934115,0.2482220298745976,0.1448100180624152,0.48899295786411434,0.4415180295856082,0.3379484269982868,0.37135394572612695,0.5428483695128231,0.17592484709760642,0.19952992726043822,0.06365328977845044,0.3015070635223551,0.6605370984613477,0.41986289399960985,0.4557236297388007,0.30867355285638404,0.44995058392397613,0.181002750797776,0.5248920846983267,0.48314639625368405,0.4532116271920683,0.5670574495150205,0.29886813715028104,0.34237225013786743,0.44322272044280475,0.40611446940347623,0.3488516342196882,0.33546892579039533,0.3194502866977831,0.23862687682539985,0.3316957904672737,0.363222628712264,0.23638366102980737,0.2571310857519022,0.4477053349523795,0.1506326670886116,0.5621511188366412,0.21481779330136572,0.3448100667511395,0.36452346726959667,0.21727981256283105,0.44029156063339975,0.5666199549704432,0.35777073259318204,0.5447099817725916,0.31369450119780107,0.5829643547894252,0.510872342249337,0.4429785699166523,0.4411615758720503,0.20855693938614578,0.30815791498692147,0.3613150497137246,0.22257561203137183,0.187436198231849,0.2569580646181172,0.4585287239146258,0.2981598352477821,0.3857911173494223,0.45148802647402797,0.26741043348825916,0.3410339140212155,0.6302266837904075,0.29802945849489076,0.1827266941941694,0.11143958435586472,0.19642763071501318,0.3548757768946614,0.117990604066825,0.3557320058360828,0.26001934385216335,0.3581678148631328,0.24547056081812432,0.2873795440170363,0.2775395824768267,0.28033408618768046,0.2244114912783676,0.36225691995999265,0.4152509337600064,0.2091293784920349,0.12485288692609303,0.4856523755782255,0.15735085881931182,0.4438847107776477,0.2541562875391201,0.21119559618060238,0.3037405060654014,0.16020246874190597,0.30257496432092423,0.1793335793918124,0.293393216688192,0.19774809873472973,0.3382017481729287,0.28135577307114723,0.2903711011855902,0.2093987811332065,0.3778954595661319,0.06467561218991931,0.5651208410252669,0.2711833048327079,0.5388007707727973,0.29473449196283774,0.14370925424108957,0.11857291249063677,0.3232719787452812,0.22441259173618622,0.3898046889972744,0.294065656997426,0.46931815573908,0.2648318508311938,0.3749286152094408,0.17116940277439052,0.3665550822075123,0.3275625919772301,0.35786167625360443,0.4341600935963712,0.47993087363482734,0.4514680386464538,0.19445615331318195,0.1896254341453531,0.22450671878683096,0.3027397238383465,0.3429633997141217,0.3456893815611618,0.42675780300004207,0.5477253117278761,0.6535165965065068,0.5942255794772996,0.5917153037022197,0.6187357958592418,0.4642733558047116,0.5515043821914627,0.45958741172958395,0.1825102154762542,0.27906354136922
GOOGL,0.6537648089454507,0.6957166286517361,1.0,0.6742116635891816,0.3743751772878582,0.5374378498950704,0.31025414240528204,0.1712163683788646,0.4202949983451494,0.10554631484283343,0.4379610772996955,0.2569527993741897,0.29935215519226743,0.5192439295298918,0.42172970782733654,0.1229343255499466,0.20043771577662614,0.5938698835287544,0.4264762680508682,0.4273801176159511,0.28486757256891626,0.2064066043450745,0.16492573869900315,0.447126845733865,0.4193729041685689,0.24947991978851078,0.3709341884161002,0.4976347471683127,0.16891303294335733,0.13848488202786757,0.05654968418454734,0.28269068581378287,0.5855680677907003,0.3791162872495748,0.37063314113335577,0.21632402999707614,0.4325524360518856,0.21506714133936702,0.4990909914975672,0.46765626846786057,0.41221387372673807,0.5272502084085096,0.32674772503513483,0.30918661184715324,0.38811557998662266,0.3453674990555968,0.3129754016136516,0.3232867621479514,0.3353290636614594,0.13646042384682794,0.316022537089915,0.3484246060529411,0.1672332116660509,0.2302577511524494,0.4150395062987586,0.1046455304558726,0.5091165806733777,0.22772655561238178,0.35969870776842205,0.35548538984292244,0.15353525011371455,0.48503326907458383,0.5075591238666568,0.3287461198512132,0.5257932837689916,0.31612473542594516,0.5332362241373949,0.48958654046190536,0.46343398537079405,0.42677070009854084,0.1430026755433386,0.31260659021251774,0.27332945198280606,0.21793991770902008,0.1940445636202922,0.22636369026491995,0.5535958103386235,0.37000268567459105,0.3738672141237245,0.4567850747210204,0.27113651696928487,0.28597220102254783,0.5397178177506187,0.2902418079393191,0.15645386579521733,0.09274774121966681,0.1608192789367671,0.3140991141609699,0.042451064194663206,0.32666794576218966,0.2363109671919533,0.33846623936262915,0.2573661384084703,0.23575548330568794,0.21574344417661806,0.25404447117280426,0.1877632232938784,0.39727991017549613,0.3078733253467029,0.20453016651531988,0.07889919817640616,0.4292322196636178,0.144364979757713,0.3626728846741618,0.2526079375140469,0.11817553923260338,0.3158053303650725,0.19229172792263555,0.25038300517387896,0.1741111646537213,0.2568749630008728,0.09496182553553548,0.3032040858420948,0.23809894815519583,0.236137592497412,0.2141146766243818,0.37153216673634976,-0.026466404357359963,0.49367267929316266,0.25789231263926615,0.5203872489471125,0.23571187450232844,0.1191164654560013,0.06573340948439337,0.16910900023149236,0.1941287198296017,0.4255254158112209,0.29153482058867924,0.3968610972634599,0.2429260394100678,0.3620668296045797,0.1362568919779589,0.3413099239905023,0.3511368272298172,0.1385357635098054,0.489553250498892,0.5302001878892438,0.46213443528282866,0.25427928936393923,0.2571862956443325,0.24263864222208192,0.372654372453153,0.2596240562010665,0.34551505369690855,0.3477555632200433,0.5084085601467786,0.6505647677495601,0.551030909328976,0.5111385609279181,0.5161752587893117,0.4543756636459855,0.5235617528723835,0.4502184342981456,0.1855652901299296,0.3058418957718024
AMZN,0.5702198744966885,0.6644798507748475,0.6742116635891816,1.0,0.43657627073328903,0.5153358236304487,0.3111708758224444,0.10922328966431948,0.42866788467678313,0.08623394058662519,0.494336127149925,0.18476484798841294,0.34476094763519977,0.4972171589049337,0.48093815874512674,0.13506908863872424,0.1777486814977798,0.5828806695466865,0.4652360793881013,0.3785181520679411,0.2746608845649172,0.16673572544393928,0.23326746542974572,0.3980671998782115,0.3870525694114117,0.24266363308626063,0.3117562324487732,0.5538878515820723,0.16846640279316963,0.1262221204025001,0.006378354522116905,0.32949710500109075,0.5455115129530897,0.4377285560991905,0.3705304016237981,0.16438746900807785,0.3914366904330854,0.14869673125253577,0.49926287657298596,0.5085718948259939,0.4549458909627378,0.520940417440995,0.2996951587073352,0.29698753324416,0.36599433239464496,0.38270828664362483,0.34365760107272136,0.29661034600184033,0.3062689583925519,0.17028549110974567,0.3680204498378308,0.3606654630330764,0.2608535489262169,0.2578551971898545,0.45185422477908416,0.11053507908466977,0.5312148209467544,0.23740100029856143,0.3740092293590934,0.3837909970216756,0.1510800761885165,0.4138245533733921,0.5216273072274261,0.3420505225848449,0.504262757775334,0.2956500368805894,0.5334270315830699,0.47063622076906014,0.5159064256226291,0.43416788131680556,0.1430571469489094,0.30050748847402764,0.2439101631541887,0.1206312742547615,0.11840626436322471,0.20703179388669796,0.40503193207648275,0.2737850827885809,0.38735273624036703,0.39525853701943214,0.2794888040518093,0.36224628369838574,0.5644058958990354,0.27721615384086995,0.14857691186279565,0.141194894519382,0.191187451676449,0.29175175091133493,0.036064758112545524,0.361555690504245,0.2181148298053164,0.3574339484688873,0.307920907085436,0.24329770980023227,0.23265594597048206,0.2514362335121793,0.21856909443610842,0.3898368250859481,0.3647109948363078,0.2007645492998592,0.08733308699782848,0.43813653788823054,0.13558757220560916,0.3238912316458439,0.25204039433913117,0.17182348235983413,0.3121070979610005,0.17405449080597615,0.22967862240233244,0.16382395647882625,0.273310978130349,0.1326392514787183,0.34411768483008776,0.16319001654841506,0.2097128156651006,0.15260200922728037,0.3734953154922985,-0.03560367196337046,0.5432611663992452,0.237360655666841,0.5546448553825379,0.2297242746796058,0.1465675689815365,0.046639563565305936,0.23535733102355708,0.22757665659934456,0.45489979792105406,0.25567827217951394,0.4087536834424247,0.2754443037025332,0.4108675566770136,0.22811719036514638,0.35485529541482747,0.3114827015575911,0.21036597624138748,0.489651628431885,0.528126711613006,0.5132994456318851,0.26347276837714884,0.26583641817637144,0.2490939825349793,0.3177965327911414,0.251236591087717,0.29311949074769095,0.29720529753694575,0.5262614304896392,0.651503981228915,0.5675240267560251,0.5393215617596682,0.5370722233282018,0.4422967766818672,0.4936705219392467,0.44779461148794586,0.21521333836997905,0.35876344400006
TSLA,0.48615093665233666,0.36562440492887055,0.3743751772878582,0.43657627073328903,1.0,0.4773080552606493,0.29676851196776355,0.06153653426719508,0.3359565761095065,0.1089210893439829,0.29271930699992504,0.08203801967330976,0.3418436264721359,0.3391220886855813,0.3706049285266394,0.09347024588382993,0.11651515205052074,0.36370016944123923,0.37782180166816187,0.23555019724010853,0.1697594439440382,0.12736050199839355,0.10401852951551625,0.2735970482070131,0.2817155491131798,0.15033228439458374,0.1673287758203264,0.3847445671998263,0.1336898961437905,0.07124368735117119,-0.06459931304365833,0.19935208375291305,0.37729870677363814,0.26813826540022456,0.2500960060506163,0.11528997941642938,0.3231912173013787,0.08143412689515298,0.4049465906707776,0.36396021473051227,0.37020674941333287,0.4221128427887261,0.24404097932482607,0.12613107926526196,0.24490953348525818,0.28637888818733387,0.2217144626688701,0.2181808551355833,0.26756222335012864,0.19702576443232284,0.4254535614632221,0.4040453336318033,0.26716516115000916,0.25307060212527804,0.4360000372956609,0.10430257071362872,0.39574466489050625,0.308479510252698,0.34390042737176607,0.2930884953885585,0.11744051637173704,0.3189207744563372,0.41227596927733073,0.32928370915977434,0.4339340963476506,0.15128286620785605,0.40350866219803705,0.33247635263100755,0.40655621624715815,0.27730342896516663,0.22548051165636113,0.25116959801889743,0.16688108368056698,0.1082384135057541,0.13413996029495306,0.19986406127317588,0.24338035657042906,0.23824851328076316,0.3266439662367108,0.28661718424421995,0.32956367238194917,0.3554988442183909,0.41453227590721087,0.2590538255297133,0.08936029511495489,0.08076135329120691,0.13902881676782836,0.3085056074752899,0.041430300402409054,0.2889979036051289,0.2504042147533508,0.23871886659785402,0.07463765793723756,0.16998603494169637,0.16087133024951192,0.2704467543141177,0.17416198234439648,0.23201519837720166,0.28148895478123886,0.15937582474055476,0.03829382607275553,0.3316076887832973,0.11200097109926914,0.1653134776041612,0.22214715438691712,0.16378765399918302,0.2245185917803169,0.1393171533226829,0.13848694027779845,0.10101645945454027,0.2384496150269237,0.06789940141325781,0.35300813921662155,0.03671737283731653,0.17124798422911405,0.10676256321852602,0.32662258573662206,-0.036862060383041746,0.4519717168932638,0.19324119092417033,0.35363889936112325,0.13792744650662686,0.07615969385816543,0.04791609172891603,0.14897924104988983,0.1832787128318241,0.3910475197797205,0.27869465429262613,0.31505429724824624,0.23062218421961558,0.4176313586127537,0.1943090436099709,0.31365694438410563,0.22962125059598587,0.1295160959014464,0.40868930721082924,0.4620368361033098,0.4722952650813878,0.23846596568238243,0.25698594947886605,0.18317984054364386,0.2658739422806146,0.1664349599772526,0.2479708188701844,0.2995146567294311,0.37501691871516807,0.44104467748030746,0.44475265342789494,0.3687685133889355,0.4148860670608538,0.3082392209185399,0.46123577637191926,0.3065074597509575,0.23980342826388362,0.28783825113194283
NVDA,0.5783138366924131,0.6427732642360326,0.5374378498950704,0.5153358236304487,0.4773080552606493,1.0,0.37558521099457315,0.04472328398194857,0.4570344118305999,0.07066749376825279,0.39856780462305913,0.17544151397963945,0.3274351667516663,0.5150488527712926,0.41100525514229086,0.12464454697238717,0.07445262650906405,0.5861291739144281,0.4173904135873223,0.33174761442979916,0.2435341832292082,0.13321984982049334,0.09300263605893429,0.40849309821846475,0.39773566069950034,0.1813349514250899,0.24116559033840493,0.48047966830271777,0.1604456159749438,0.0901359523699637,-0.02624165568285093,0.1956908384361336,0.5398630357302412,0.37843705717581544,0.4169155908020904,0.21188005053610987,0.3872059479626934,0.08732136655647976,0.5850371300033832,0.4014497504105678,0.44071573475620945,0.5946694097025804,0.1816236285757495,0.30956160133984806,0.35500572406125,0.36055384996597106,0.3788533252144369,0.36277599861381227,0.2969212497342804,0.10561192829932937,0.35556006880092167,0.39727460710948653,0.2633038271116756,0.3191439455090013,0.45368748580473756,0.0784229261670888,0.5445565933125558,0.25229536657294327,0.3960291357148094,0.37341344636327467,0.13689729466808323,0.42223097255113645,0.5135632360240961,0.2940405501986423,0.585237517047495,0.1882203844806413,0.7082396475210364,0.47390604160803756,0.4512124493119588,0.3972558146387761,0.2629811471738361,0.3178527791229414,0.2053273840468974,0.10869422581276848,0.1334659404123617,0.19962809407869023,0.3659909724637861,0.24366478554052057,0.3733933317561036,0.3475181953479968,0.32542610466362387,0.3256561157146261,0.5303523835788957,0.29728656350846056,0.16895786559198994,0.15505638296514887,0.1907462798143578,0.27145824377893574,0.005885698383835146,0.39994570813803343,0.3017202078006675,0.32521623414709017,0.18585068555059564,0.1261526487594323,0.12191062025262846,0.22660821657379351,0.22275525530976653,0.3534549617599444,0.4654636220988076,0.1067158639044138,0.014909664222464165,0.4550361617030321,0.12653356176684113,0.295037028195167,0.22092033984264678,0.1949277247460193,0.27273605738526024,0.18378731979065413,0.13620384143708897,0.10637038453610614,0.269002464137006,0.0772090564830305,0.3385581412526806,0.128611749337691,0.16261812350959007,0.13311215336011065,0.3798020641903707,-0.04274358290785325,0.6818052208726767,0.24005579422420342,0.4456059289423571,0.15557718212638172,0.15307837022738632,0.03899060793489456,0.16495558037065264,0.22499008269535728,0.4222711208727875,0.294068955308823,0.4476451410942461,0.25891018009612965,0.4228872708121465,0.06667465641135521,0.37868263682831166,0.3061793580968536,0.14754727711397708,0.38760909129811544,0.5040492845051373,0.4970662460637479,0.26271305244933196,0.2678644362784326,0.26259078303767364,0.36074839269525494,0.16425666208295578,0.30871113606426226,0.3605435539545147,0.6737280575681771,0.5716697157132699,0.5566207731015633,0.5913404025732092,0.686676468748118,0.36240358843967074,0.6259965670706963,0.586441106918848,0.21994072162066233,0.26092221679376904
JPM,0.4180994895813415,0.3281584273506008,0.31025414240528204,0.3111708758224444,0.29676851196776355,0.37558521099457315,1.0,0.27671599752129045,0.5259698367243643,0.2903845752156758,0.4707753960688634,0.29705612818014193,0.7887591318882902,0.5404296185358579,0.4258328768986203,0.3948703833455575,0.26930515559968743,0.32680237778309157,0.3029872740286886,0.3922514678288382,0.36168090511655127,0.29550750542108656,0.30626729711752715,0.3186302542209282,0.3887589558859519,0.27364959073679607,0.42960514310761433,0.34717744951595597,0.4432767995088218,0.14651198258647316,0.2527860782899314,0.2735249489651319,0.451876561556922,0.42278144719944155,0.3329210560313291,0.4157483726431912,0.47561067591989364,0.2344603273471448,0.4250683546324949,0.34536449817430953,0.5267487045118656,0.4732723304746406,0.3428379075406605,0.5028609357653768,0.5743796758220528,0.45632093855928046,0.5270975158513529,0.40298679580184255,0.45227323498795957,0.3945463403671568,0.5189289049374733,0.45026131985289336,0.45762820228806,0.5227287192250387,0.5906090040865833,0.2799107476041126,0.6472773540402319,0.6033273855187385,0.761047786790212,0.6782028821105611,0.32291923822818275,0.46334819818495376,0.47907962903303264,0.3050097214906557,0.47875288738192273,0.3871987556918176,0.4001796829891701,0.35567149965834227,0.49777789548191553,0.36218501605821296,0.4114958738685045,0.40322357894974353,0.2990524804819103,0.23311018394475988,0.29456129024332617,0.29463564415864274,0.44002210502097017,0.34744517482719295,0.4408565114501793,0.36909767385610676,0.7766457725302903,0.6659403585252104,0.47651817547993763,0.5403909910497532,0.39046042623978244,0.41583986568387893,0.3481973670674897,0.263452266266964,0.196950290211893,0.5590130404463459,0.6570969807960163,0.3259816745910687,0.19990188188999103,0.3005968956345789,0.27278914185447745,0.2992992250361824,0.4091040375579747,0.5485912583318514,0.5274732140310144,0.29562692418089576,0.20218071590965894,0.5669349424037745,0.35185381169997887,0.4222250955413872,0.31940380670269425,0.4295500083117616,0.45248107482160294,0.382476630558873,0.29145567046744186,0.4597838863581985,0.6349306647270674,0.4936601978639067,0.5251648324109891,0.29470583920589416,0.2905652313465389,0.20228595927921758,0.6072529855433535,0.10379091224700586,0.3785523131237827,0.36448584194746764,0.4518309565477464,0.33358603528767455,0.4196697534557847,0.33945867464452806,0.3135399196959418,0.30260108264744856,0.45421296817024304,0.38759707834443274,0.5695548986721305,0.4567109565314837,0.45538284882476127,0.3367015131549559,0.7145026403577929,0.4892620893087318,0.2771364069151833,0.3701693410274512,0.48052817923851887,0.35084055651468926,0.26468830349715944,0.2819386257613309,0.21313557339562558,0.24602644437530788,0.301568774513908,0.3938326504501349,0.3083646877054094,0.40915353869112353,0.4076272835768386,0.36977596282805386,0.3612041308198517,0.375904701099559,0.41780991959278274,0.46929702777159343,0.3281680387030142,0.17517092728949707,0.40281795308526475
JNJ,0.23885814921146983,0.17280795317735984,0.1712163683788646,0.10922328966431948,0.06153653426719508,0.04472328398194857,0.27671599752129045,1.0,0.3011630447622335,0.34550101281310824,0.29593425406856727,0.3892548720930305,0.24073126801341646,0.30809966830002944,0.14590435768240573,0.1274155087720641,0.2383543559818449,0.12524378885997028,0.10539358965461829,0.2912989260477943,0.43021170828423394,0.4085532553261796,0.20604556851033132,0.15475768877955007,0.258278673001027,0.45641919379460083,0.44229422333806295,0.11913157761659157,0.166502127342818,0.35681858351110035,0.5324057135193891,0.2462183026085758,0.22222929553752696,0.19934563382105858,0.15619174377303674,0.4271701863790514,0.27210251084348136,0.4776463325861628,0.13499130520909342,0.2708322136910609,0.2341026999634306,0.18262041830004577,0.363963673956979,0.3345036531098761,0.3510747556217266,0.29875291539068827,0.21484617556961702,0.18100148971264335,0.2811840410348999,0.31526921863796437,0.2284623071376331,0.23476675356293147,0.18223148782632756,0.18535894148672283,0.17774547047187755,0.2865964389975487,0.2595419921997376,0.21520753434137155,0.19111988984700842,0.284071087739769,0.3342911224715373,0.2821312063557738,0.27062475290127347,0.22007737775898403,0.12777937156342675,0.46406475471105385,0.09795049973741321,0.27533393217876145,0.1286654910290054,0.30722300246367656,0.12916363714735796,0.1575271621860301,0.37948119377021594,0.31782903126676704,0.310330855108625,0.24058457114672868,0.30011265451570857,0.15055217219376574,0.315235153059655,0.2786789715484901,0.2335911656078975,0.2525527312001881,0.2627228147210171,0.1662000095839378,0.08732865570837653,0.04662428920933295,0.07506229693197726,0.27321343291653505,0.2965787529848327,0.1972975858171891,0.24417385312031586,0.16541069270214048,0.13866095883371524,0.4083339094346284,0.3755935977957329,0.29906886311050096,0.11316953805601628,0.22569030341205398,0.19673586207064092,0.3126731923915886,0.286765494866076,0.24235565175052454,0.12909624432017988,0.33689383486245345,0.2511547533477239,0.25457800851786083,0.14675133624462988,0.08372759504573446,0.4168580455813809,0.22814411616804528,0.22146737437325795,0.31466274402241945,0.2680136059642829,0.3868929898788907,0.2985094334832719,0.20913090235244977,0.1934180991150751,0.30996544241493507,0.03889609081624377,0.14862426333565307,0.28511472496602464,0.3731944375478755,0.11955401425265338,0.20673342065724437,0.36320924271538657,0.2044500242803038,0.07244397077450107,0.2645514691206071,0.2892672439060231,0.23928637733529165,0.18332513248331778,0.2943756412173421,0.2289499805140358,0.2557871791733091,0.36370090677268474,0.12838801084542728,0.1697524780816387,0.08251319987489061,0.036671339115924545,0.09297819049973777,-0.010705032605768269,0.04830974273587731,0.4233179737575675,0.23213616708467932,0.16178754346660632,0.09355733024710908,0.20645000674354452,0.12584610993384643,0.12237091689585364,0.08912285202492001,0.1590108098808222,0.14877778900315095,0.10858433853392602,0.03354886828418148,0.20776644813176853
V,0.5965755709031159,0.47025653621318947,0.4202949983451494,0.42866788467678313,0.3359565761095065,0.4570344118305999,0.5259698367243643,0.3011630447622335,1.0,0.2825958259153107,0.5237356906424939,0.40190420631202284,0.47958520697508455,0.8695780177793869,0.5035427764879381,0.321270085998464,0.2893880709412239,0.5799615630818569,0.3990215335578292,0.434466330684319,0.47515135383769397,0.2902276398591943,0.29291556987608697,0.4040507904858681,0.48523658155769345,0.36974573001204236,0.44492148396656156,0.4855125054062477,0.3165568359988635,0.23204639034148913,0.23602628092452108,0.29188627986065363,0.5722933491708129,0.473381042327763,0.3911293941578962,0.4194696606102676,0.48181226490169854,0.26987899428708495,0.5238677427491152,0.47282337769647853,0.5031879676372769,0.5053505386515913,0.3892023482034483,0.45115566149570807,0.5097865526409482,0.48028447241399697,0.4983156979065036,0.315060476429284,0.4398558589223831,0.28386357922928457,0.40718286816224347,0.37569285199383756,0.35245651905611597,0.4388185330374805,0.6302463206960459,0.30722502773340543,0.6002539822852612,0.41584043365600515,0.5158158675707591,0.45814894222552627,0.3333775061435307,0.46990816192802654,0.5852739070867107,0.3591672192990119,0.5119976394835064,0.4772030948300317,0.511126618505821,0.47949082677348687,0.4420653069725109,0.5155642750129906,0.27739286211655473,0.38450169199302703,0.3624476970843802,0.2819538594151777,0.26601829711624136,0.2928297738753101,0.439495866912558,0.45092097543204196,0.47322812100965,0.4909326394960464,0.4493322451018467,0.43359125158757944,0.6107756357389521,0.45147129209056924,0.2946798161402415,0.2569457412456149,0.29428732682276365,0.3881644235351134,0.2433955884201739,0.46010457006424405,0.42104277211077107,0.37226542851110767,0.3004430008889511,0.33938916502789274,0.31269017416217326,0.34169961608346366,0.3529407342407427,0.4699752032163911,0.4478786580257843,0.26330250437142927,0.22549672668711632,0.5489572503488259,0.22162003887691134,0.4776236948580605,0.306871798464379,0.3143315171644107,0.35443983733152407,0.2673350318007468,0.3554496309671479,0.27822885645360296,0.4504099198023552,0.3282124008940419,0.4337675055689735,0.3842927568936101,0.3619310997358227,0.22669046489437233,0.4705402929888848,0.13693135435833587,0.44542431732811294,0.2650577581828867,0.5353242281662233,0.3413706755472599,0.31856755247036966,0.2817232588373181,0.35422919911834505,0.2760194477236307,0.4017438075264792,0.36850355192744555,0.5204497038720189,0.4253079398612688,0.36851047900798917,0.33013227557380176,0.49409414136250085,0.3772704834024498,0.3382959150004084,0.3874274288506411,0.47548015132973587,0.44209573310562955,0.33181922880657205,0.3323040918879539,0.2920722946996934,0.34279646321308976,0.3604410113543691,0.4130959874856411,0.3580344884548256,0.5028087576016509,0.5596792398462247,0.5327256963142905,0.45118790247384705,0.47934971016231115,0.5326480474849782,0.4895927855735867,0.4402351124716311,0.22876556426380862,0.3691695934795898
UNH,0.25988312927690754,0.24154230923774683,0.10554631484283343,0.08623394058662519,0.1089210893439829,0.07066749376825279,0.2903845752156758,0.34550101281310824,0.2825958259153107,1.0,0.2144613828751538,0.3214982048598413,0.1984894309336996,0.26716158885084956,0.175148793248914,0.1861384564923584,0.18396938174887437,0.14321399629938766,0.13234051427001578,0.13838973264148274,0.34580258527379093,0.26625002798709324,0.11928266671139648,0.06693612839194028,0.24945852210616776,0.3468785118650212,0.1816342811390329,0.16721603096243487,0.17301228273996172,0.35991704028443444,0.4373000159633788,0.2172554849195574,0.20359969306648856,0.1029330949467402,0.20265257768791173,0.3363611894698306,0.23096567788186476,0.2872356102253318,0.14842798210741268,0.25863736770427426,0.14256229462241948,0.16042015963961223,0.1060739919376417,0.28944798830234203,0.3099502539123095,0.19310937981956602,0.15174216915020472,0.18105507803352403,0.13878804664822733,0.5048981654469635,0.1176473347289147,0.10127127973198359,0.2608048261587149,0.1422257766110495,0.20746066883587133,0.30524812972933224,0.16933855736028322,0.15704730518362395,0.12850788645637404,0.18102885410278824,0.2900763782768837,0.20213547518507483,0.221611687038252,0.17085401545334958,0.12606343666056677,0.282257424842837,0.11424296456949001,0.1279551747419778,0.15606247585846283,0.17989220280399376,0.14258966582445987,0.14836374683091103,0.28652173197843256,0.28204656201995937,0.2175345788196807,0.217089998617138,0.30894189837858227,0.12677079969186508,0.17467890345252682,0.21020719189582435,0.22003583193408957,0.16975192310711398,0.2187935936419782,0.1759260903749677,0.145213149423642,0.16750238430983072,0.11156061202746703,0.2541953627896751,0.2582860969625063,0.20810241784373268,0.2525073810100985,0.12445117708820141,0.12025030306258465,0.276434800121449,0.253361607485725,0.14745111770775893,0.14433732106050312,0.19023374641561963,0.2389398517332483,0.2051718308151293,0.2938280727933345,0.20850312398933446,0.14386300617404335,0.3351215554011486,0.12435560879308577,0.277446513496712,0.11968712073957156,0.1513273326849495,0.2911128746319406,0.15720684887703654,0.28744232802974445,0.3360216666622301,0.18004366763445437,0.3128360929240166,0.2851861054336105,0.17351803651965567,0.1456951280203473,0.30239718821131645,0.10613866280620197,0.1107622896112222,0.24610827403375138,0.3063271282578491,0.16684282546882623,0.3034155848299527,0.3902020404926033,0.12365626099073806,0.05468444613557772,0.10830798355590901,0.30808254425968,0.21397052771232652,0.12363665207581705,0.22401611861554516,0.21685493674753303,0.16363071824990255,0.38586061064287686,0.1113356990442408,0.09228708256813078,-0.00031654682593512147,-0.023974722016905644,-0.026241790728877196,-0.0820333336612873,-0.02530460030054845,0.3156566331663052,0.12993779357148028,0.17370544741568925,0.10655680157157335,0.20101712019415177,0.16532301910413294,0.1413261979805231,0.18193790118306624,0.19031028396037283,0.0866073453964965,0.047408326449141065,0.034902341816941206,0.07078534260957013
HD,0.5281412519547454,0.4615054940322734,0.4379610772996955,0.494336127149925,0.29271930699992504,0.39856780462305913,0.4707753960688634,0.29593425406856727,0.5237356906424939,0.2144613828751538,1.0,0.38128679496729523,0.5477703128074632,0.584234487981906,0.48072090951421953,0.2674147112739462,0.3124737838509741,0.46710199907999606,0.3564248524064396,0.5092008294358912,0.46129735491302076,0.279707201965474,0.2799822054384106,0.43309985430722575,0.49362035864972537,0.38532194065251923,0.4816349038896667,0.4093107515461255,0.270641172584794,0.18641901951912948,0.15238510188159382,0.396939693202705,0.6191788693245039,0.533541988767576,0.2965284861811397,0.32100402193269517,0.5473402090237663,0.3237529282438834,0.5048161134580492,0.5137654879560009,0.6008536621744579,0.5915973089675914,0.3688294059156577,0.4802901460025845,0.5854701189869299,0.4512578073588233,0.4197445061318107,0.413052845757053,0.5295516410125756,0.30547490783604003,0.542770229356982,0.5586883745758472,0.42431650720277875,0.4613064932406207,0.5311582111641567,0.23554221364694528,0.6853716621624131,0.4745294651187927,0.5491035963162585,0.5497344762029088,0.3623933494791821,0.5293863782689424,0.6122685878576407,0.5240457794022911,0.5785491566800885,0.44137474521295605,0.5322051573021302,0.44204753469270014,0.41562318411577426,0.426166175775773,0.34506571103380296,0.4083384869173315,0.4144218347522105,0.23501169083222784,0.2921781669968892,0.35791823200052963,0.5493691563518953,0.35882216710564957,0.6370364067759361,0.5109968248471839,0.48234902954075326,0.5420251765177927,0.6394435101481275,0.5204560059232304,0.21963783643939785,0.2237511834875208,0.22989578596632254,0.5447982558274607,0.26164169771604656,0.5200557214526825,0.45027109721526576,0.42189867382019636,0.3520995000509771,0.44943122694535753,0.445391954343651,0.4991770229400458,0.2674581122490362,0.5758343806976048,0.4860173855531346,0.40422367053318176,0.21919946952179675,0.6877586357445584,0.2084176440097192,0.38745489573362774,0.4222158203369093,0.3279134701881047,0.5255051412947566,0.24159722737705128,0.4392596889154699,0.3850570480127554,0.40540916779914926,0.25022867824528067,0.6262034441216295,0.38572800847513156,0.4120319356084185,0.16015576665729284,0.47792320257132126,0.1484410015430113,0.4773534384718265,0.36385096693449553,0.5856316105680497,0.4270118933202479,0.2513187044467765,0.20317008626588628,0.31485904485708455,0.37157541184609666,0.4055251649337112,0.4952916673503991,0.5791352594232902,0.43880855215571457,0.3908279700795676,0.3503238491959831,0.5491656351575587,0.5194863428810435,0.3051836674885328,0.4723450211997241,0.5450013121449285,0.42526519202755736,0.2261251879468757,0.25260039356965797,0.162713364797198,0.24294092443302565,0.43729330996960236,0.4755454687646817,0.36550833166067914,0.47630971683496903,0.5756078992226517,0.5630643573466494,0.47937484803288244,0.39991111143660757,0.5168239415434158,0.5828583111244714,0.39191327223276956,0.3161424712224159,0.5053916465061211
PG,0.3519990758939982,0.34806790402828547,0.2569527993741897,0.18476484798841294,0.08203801967330976,0.17544151397963945,0.29705612818014193,0.3892548720930305,0.40190420631202284,0.3214982048598413,0.38128679496729523,1.0,0.23809472171914395,0.42387985855301813,0.26552044190510604,0.08298727410936194,0.31773996532433413,0.31174286506037985,0.24285641141184697,0.36212135599404327,0.6446789040765072,0.2601174800627181,0.2321940238388161,0.3380909568022253,0.35191453164814196,0.6395532306849521,0.4693751272529377,0.26271604613468064,0.06564788965986143,0.3114943421939765,0.3474238881210456,0.3332274179529908,0.3580403938062144,0.34650927341329035,0.29742351402138445,0.5539212898254546,0.35019818205775716,0.3568794685038173,0.26957642174877144,0.41014010775960663,0.2705849468346064,0.31544984626027706,0.39553705717870413,0.36071427335540346,0.44156104331038487,0.4036805510981492,0.2834707767393069,0.2709362253189522,0.33650742109911164,0.2523725322568377,0.18070588715940736,0.16281974956356593,0.2400289388686818,0.169435844058222,0.2820272338778151,0.2927976836841415,0.35992065233946763,0.1340191320653466,0.23413011346607626,0.24061336114016688,0.3588398526891333,0.33964216582556783,0.386806535299208,0.36464645578308214,0.28125347711219995,0.46996578283021695,0.27667717713677026,0.3988868673838697,0.25154094078522254,0.44763954826072105,0.1574477854372515,0.3384092047804519,0.6517893531271026,0.3031158255459359,0.2721139786928596,0.20781314295171294,0.40097518121130193,0.1977891044397066,0.34192643048950416,0.3609439378283019,0.18713800635801167,0.23283423074996223,0.3923819185726259,0.22885398473842442,0.0601764531491366,0.007155072582514659,0.02106459951134514,0.2947103918900491,0.4097485935541269,0.28255483362156947,0.23060261324457995,0.1876009845884713,0.28018638734642387,0.5290010499775998,0.5288952834791489,0.29864833976520866,0.06988147534875855,0.3160588115048178,0.28704452854665746,0.3593681853114636,0.19026681930191763,0.38469100432917497,0.0878974289674074,0.4063744956087891,0.23486050914489368,0.2253743115209417,0.2561682625657625,0.0584489493882694,0.538505333986434,0.24059877657521653,0.2416031251155338,0.2639252268817761,0.27403161719497293,0.7432356290755738,0.44565327759919127,0.28569224252609815,0.276894421818817,0.4071716404757332,0.1696260706975204,0.17090019425557804,0.4296425249328609,0.5121934355961021,0.08334726448098156,0.2247086505492068,0.4212640396105494,0.26375107258042535,0.11206756305442836,0.30597752945130646,0.3886025235583114,0.2679419349433861,0.1489810832112343,0.2342717720443093,0.25297400753426325,0.3117345497466048,0.4508599478418795,0.24718277832084357,0.2443601536853856,0.23302697476991097,0.18878498671189006,0.13817547451923134,0.15479464894183123,0.17167841677171283,0.5363478886401091,0.29440114441248005,0.22270385142147767,0.21851765123450234,0.2969989558900186,0.23153897762023076,0.30096688307269,0.24320330172867027,0.23615719107500183,0.2655800666824232,0.18604736048482598,0.1139897023442518,0.24176811595134481
BAC,0.3765790893520726,0.309646637606939,0.29935215519226743,0.34476094763519977,0.3418436264721359,0.3274351667516663,0.7887591318882902,0.24073126801341646,0.47958520697508455,0.1984894309336996,0.5477703128074632,0.23809472171914395,1.0,0.47999157694516875,0.4974684793366332,0.4161272753207863,0.3616666749410228,0.30410449605466233,0.2942287191159701,0.41594368904614853,0.343997787563542,0.24834243910661863,0.34716990177809526,0.3184724293833191,0.4074132491166305,0.23850636301580277,0.4046658163180022,0.3867684198350982,0.46912636064886293,0.042392547999369576,0.2076810233872115,0.25821201442692004,0.45957728731386266,0.4070417221618406,0.28078413412028874,0.34272869208369144,0.5010785208699658,0.23319046164553672,0.45659837166363776,0.3495267038929555,0.5568645060572033,0.48444284853904196,0.39211028024562616,0.48952223431598996,0.5197391514463274,0.4484003069412909,0.4420493820171296,0.4160385946457059,0.5085359394200036,0.4047839360991008,0.6041553862451937,0.5097832061218436,0.4887412613562719,0.5475031412597567,0.6395478003142885,0.2550802318792486,0.6770822606852278,0.7474509855850746,0.8169484461301539,0.7557057028648386,0.3263585079988856,0.47393175178985536,0.5044331077181,0.4210425312786079,0.4690719366628703,0.35967933499673066,0.39205600553536135,0.30751440590141854,0.437278303360246,0.3417161190404142,0.6104978712781425,0.3885333258220653,0.27533302904714757,0.18271769196288642,0.2722411385945565,0.2776003099751251,0.4288749349808557,0.4381593933649286,0.5216070299352066,0.3726975982620164,0.8447993265595026,0.7928494409368719,0.4918817077426605,0.5596144231139215,0.413303300452641,0.4058767815197984,0.37365224514440076,0.35093666722451017,0.17506684057755806,0.5377164796780342,0.7126092411830988,0.363151092013931,0.23540324335049806,0.3185577598484969,0.30463500429945595,0.3952538951431348,0.4258423743641659,0.567818974194837,0.47816108054863865,0.39424255924661067,0.20381591521921086,0.5702964373512673,0.3731457735532916,0.34209561778357983,0.4011876716717568,0.4775841119390747,0.5202366416532315,0.40676761920234583,0.2978892590800236,0.4542582517252557,0.626756975121852,0.4266260297314308,0.5995160849998071,0.2615681084759215,0.27136602206270005,0.11596987055301516,0.6931596560482476,0.08468218716318779,0.4060110578669935,0.4024287679154115,0.454405622539535,0.3427680314463793,0.4321843102657486,0.21712739866149625,0.2642631348180907,0.3933565167944634,0.4944995210248426,0.48718977569535704,0.5105983340779432,0.48219800522616374,0.43449889907876127,0.39662089838473974,0.7683863838390017,0.49665116659127195,0.2361243056652995,0.44099262794521854,0.5529263478882702,0.3932411735487219,0.2727310831148905,0.3211880257184858,0.19641010329373512,0.25661291991629254,0.30470612109172523,0.4655223926511559,0.2641046541981629,0.39998613117250026,0.42557664669974676,0.41830880713538626,0.3609163130167529,0.3275794501277631,0.44349122204178076,0.4768558299341692,0.36625485287103743,0.19756661647636944,0.48286812343591146
